#CurrentValue,#time
0.000000,23349
135.000000,28135
135.000000,29265
135.000000,30440
135.000000,31413
135.000000,32258
135.000000,33266
135.000000,34177
135.000000,35130
135.000000,36026
135.000000,36872
135.000000,37840
135.000000,38872
135.000000,39907
135.000000,40683
135.000000,41678
135.000000,42474
135.000000,43184
135.000000,43833
135.931966,44602
136.369535,45330
146.881538,46058
160.743817,46773
-167.491825,47957
-127.520861,48857
-98.723254,49656
-78.377903,50418
-70.310179,51062
-66.003656,51792
-63.271792,52619
-61.303857,53258
-59.702294,53950
-58.236952,54666
-56.791534,55255
-55.320134,55783
-53.789236,56390
-52.199547,57138
-50.596026,57882
-49.011802,58494
-47.474995,59012
-46.006378,59684
-44.619635,60279
-43.322442,60799
-42.116019,61344
-40.997866,62046
-39.962733,62740
-39.003802,63523
-38.112872,64387
-37.281420,65045
-36.500989,65768
-35.762939,66447
-35.059535,67022
-34.383562,67544
-33.728615,68138
-33.071035,68696
-32.420135,69243
-31.780658,69849
-31.149662,70420
-30.524515,70916
-29.903207,71486
-29.284494,72018
-28.667766,72543
-28.053002,73160
-27.440775,73831
-26.832082,74555
-26.228408,75410
-25.631408,76202
-25.042935,77118
-24.464810,78098
-23.898770,79133
-23.346280,79918
-22.808698,80628
-22.286733,81664
-21.780867,82776
-21.291556,83343
-20.819036,83941
-20.362732,84498
-19.922041,85018
-19.496162,85593
-19.084057,86133
-18.684595,86666
-18.296458,87257
-17.918301,87870
-17.548704,88409
-17.186245,89024
-16.829490,89692
-16.477075,90229
-16.127653,90897
-15.780097,91790
-15.433425,92627
-15.086870,93485
-14.739757,94252
-14.391565,95076
-14.041977,95768
-13.690861,96468
-13.338160,97252
-12.984096,98064
-12.629106,98834
-12.273660,99514
-11.918330,100144
-11.563812,100911
-11.210747,101516
-10.859968,102096
-10.512155,102845
-10.168001,103585
-9.828233,104251
-9.493409,105046
-9.164074,105787
-8.840536,106538
-8.523229,107273
-8.212313,107943
-7.907779,108622
-7.609657,109290
-7.317860,110005
-7.032157,110707
-6.752382,111441
-6.478292,112088
-6.209399,112669
-5.945640,113353
-5.686375,114090
-5.431412,114785
-5.180319,115525
-4.932845,116249
-4.688763,116969
-4.447657,117911
-4.209428,118751
-3.973896,119387
-3.740835,120111
-3.510117,120780
-3.281575,121378
-3.055117,121969
-2.830753,122721
-2.608270,123405
-2.387779,124037
-2.169433,124800
-1.953144,125416
-1.738888,125962
-1.527134,126552
-1.317450,127196
-1.109946,127731
-0.905254,128396
-0.702486,129113
-0.503189,129799
-0.306467,130675
-0.110143,131777
0.081565,132535
0.270520,133580
0.456283,134403
0.639190,135105
0.820199,135820
0.997992,136547
1.173365,137215
1.346393,137904
1.516590,138590
1.684582,139329
1.849703,140108
2.012853,140930
2.173308,141637
2.331625,142544
2.487348,143474
2.640861,144277
2.791970,145014
2.940447,145697
3.086862,146379
3.230952,147108
3.372607,147816
3.512292,148642
3.649426,149255
3.784445,150107
3.917267,150967
4.047818,151745
4.176170,152382
4.302476,153227
4.426468,153861
4.548422,154538
4.668205,155197
4.785937,155939
4.901649,156989
5.015478,158024
5.127399,158850
5.237458,159576
5.345698,160222
5.451975,160889
5.556402,161617
5.659012,162321
5.759834,163038
5.858760,163719
5.955950,164358
6.051391,165040
6.144971,165703
6.236840,166380
6.327038,167157
6.415577,167843
6.502372,168556
6.587522,169344
6.671004,170060
6.752847,170746
6.832998,171476
6.911485,172122
6.988394,172837
7.063609,173613
7.137266,174385
7.209358,175102
7.279823,175772
7.348762,176410
7.416138,177235
7.482098,178260
7.546574,178887
7.609554,179541
7.671124,180195
7.731165,180843
7.789866,181568
7.847129,182344
7.903061,183114
7.957764,183888
8.011090,184659
8.063191,185308
8.114039,185882
8.163563,186535
8.211883,187145
8.258874,187744
8.304680,188416
8.349226,189337
8.392694,190176
8.434939,191700
8.476233,193632
8.516522,195880
8.555979,198690
8.594640,200462
8.632355,202103
8.669160,203655
8.704998,205107
8.739972,207252
8.774180,209152
8.807654,209803
8.840246,210463
8.871968,211189
8.902893,211970
8.933074,212687
8.962540,213309
8.991255,214094
9.019292,214779
9.046633,215385
9.073288,216149
9.099216,217043
9.124491,217786
9.148987,218442
9.172668,219082
9.195627,219657
9.217677,220269
9.238844,220851
9.259179,221434
9.278600,221929
9.297009,222520
9.314581,223562
9.331214,224134
9.346787,224813
9.361453,225355
9.375111,225864
9.387807,226425
9.399441,226972
9.410120,227464
9.419786,228056
9.428504,228827
9.436256,229439
9.443086,230012
9.448996,230721
9.454008,231482
9.458186,232119
9.461469,232787
9.463961,233399
9.465602,233995
9.466495,234605
9.466620,235213
9.465997,235784
9.464689,236792
9.462757,239678
9.460388,240592
9.457396,241745
9.453779,242733
9.449557,243427
9.444855,244103
9.439547,244735
9.433757,245430
9.427483,246193
9.420830,246804
9.413691,247326
9.406192,247945
9.398207,248525
9.389859,249027
9.381063,249683
9.371819,250257
9.362083,250780
9.351938,251342
9.341340,252027
9.330160,252743
9.318547,253510
9.306391,254216
9.293648,254913
9.280464,255721
9.266711,256660
9.252406,257614
9.237525,258738
9.222174,260178
9.206263,261959
9.189898,263290
9.172990,264515
9.155578,265792
9.137682,267034
9.119364,268688
9.100641,270844
9.081622,272991
9.062302,274630
9.042615,276286
9.022711,278417
9.002568,280252
8.982291,282016
8.961817,284516
8.941296,285405
8.920661,285908
8.899913,286537
8.879206,287178
8.858450,287780
8.837735,288486
8.817084,289232
8.796450,289899
8.775814,290659
8.755084,291931
8.734373,293921
8.713569,295995
8.692602,297133
8.671403,298160
8.649971,298923
8.628236,300189
8.606355,301223
8.584144,302051
8.561739,302905
8.539045,304460
8.516153,305649
8.492945,306990
8.469488,308417
8.445805,309584
8.421797,310431
8.397443,311677
8.372923,313131
8.348073,314563
8.322985,315633
8.297655,316347
8.272059,316925
8.246241,317579
8.220246,318203
8.194051,318782
8.167723,319494
8.141166,320205
8.114523,320922
8.087672,321656
8.060659,322482
8.033457,323190
8.006115,323857
7.978482,324863
7.950755,326028
7.922733,326946
7.894562,327750
7.866141,328547
7.837593,329270
7.808740,330696
7.779831,332425
7.750689,334585
7.721385,336702
7.691972,338713
7.662369,340124
7.632601,341488
7.602690,343095
7.572741,344696
7.542699,345918
7.512721,346684
7.482728,347390
7.452798,347997
7.422935,348654
7.393190,349318
7.363565,350012
7.334063,350665
7.304576,351555
7.275213,352461
7.245813,353450
7.216402,354261
7.186954,355173
7.157494,356146
7.127914,357039
7.098266,358079
7.068495,358772
7.038542,359982
7.008547,361536
6.978394,363204
6.948112,364329
6.917641,365317
6.887007,366167
6.856237,367187
6.825329,368681
6.794454,370630
6.763410,372478
6.732370,374541
6.701215,376110
6.670063,376755
6.638794,377435
6.607497,378043
6.576230,378561
6.545115,379246
6.513972,379910
6.482982,380607
6.452148,381450
6.421411,382184
6.390681,382886
6.359987,383804
6.329331,384548
6.298744,385195
6.268071,385912
6.237405,386598
6.206683,387329
6.175936,388090
6.145163,389137
6.114332,390098
6.083377,391428
6.052395,392555
6.021350,393585
5.990179,394746
5.958911,396154
5.927512,397564
5.896079,399047
5.864578,400489
5.833043,401955
5.801471,402916
5.769864,403659
5.738253,404456
5.706675,405190
5.675128,405922
5.643787,406678
5.612447,407430
5.581283,408146
5.550155,408873
5.519102,409574
5.488159,410294
5.457292,410968
5.426539,411597
5.395684,412316
5.364945,413056
5.334249,413821
5.303561,414575
5.272806,415338
5.242207,416215
5.211468,417547
5.180772,419084
5.150086,420338
5.119253,421671
5.088427,423025
5.057607,424382
5.026755,425861
4.995830,428098
4.965029,430024
4.934354,431027
4.903806,431692
4.873270,432386
4.842702,432971
4.812470,433486
4.782293,434166
4.752214,434924
4.722358,435627
4.692647,436299
4.662999,437055
4.633542,437685
4.604237,438438
4.574916,439140
4.545579,439795
4.516529,440605
4.487466,441428
4.458477,442139
4.429432,442762
4.400462,443526
4.371525,444780
4.342531,446039
4.313751,447430
4.284869,449010
4.256021,450677
4.227256,452453
4.198433,454632
4.169787,456375
4.141180,457392
4.112756,458228
4.084277,458783
4.055985,459299
4.027739,459965
3.999586,460698
3.971580,461404
3.943722,462099
3.916017,462804
3.888416,463546
3.861025,464290
3.833694,464979
3.806578,465678
3.779527,466352
3.752542,467002
3.725729,467551
3.699041,468163
3.672372,468963
3.645884,469789
3.619202,470603
3.592868,471508
3.566394,472169
3.539889,472933
3.513629,473639
3.487285,474351
3.460909,475119
3.434560,475848
3.408409,476548
3.382114,477447
3.355905,478355
3.329726,479202
3.303635,480605
3.277336,482051
3.251368,483857
3.225615,485438
3.199839,486716
3.174100,488091
3.148649,489538
3.123116,490938
3.097814,492189
3.072751,493388
3.047739,494781
3.022844,496296
2.998395,498043
2.973811,499788
2.949885,501698
2.925965,503398
2.902455,505535
2.879228,508190
2.856362,509764
2.833725,510476
2.811463,511148
2.789235,511793
2.767464,512480
2.745664,513078
2.724192,513869
2.702840,514721
2.681975,515409
2.661019,516173
2.640417,516813
2.620026,517544
2.599852,518657
2.579671,519861
2.559715,520613
2.539909,521462
2.520337,522310
2.500924,523010
2.481439,524227
2.461959,526647
2.442803,528615
2.423740,530247
2.404850,531818
2.386139,534105
2.367446,536440
2.348937,538897
2.330534,541270
2.312407,543474
2.294393,545101
2.276753,545958
2.258888,546734
2.241404,547512
2.223960,548303
2.206732,549008
2.189548,549747
2.172858,550514
2.156039,551313
2.139729,552126
2.123385,552953
2.107472,553804
2.091812,554567
2.076223,555464
2.060896,556378
2.045932,557202
2.030954,558098
2.016157,558926
2.001738,559559
1.987413,560542
1.973181,561524
1.959047,562927
1.945212,564659
1.931379,566168
1.917753,568397
1.904440,570682
1.891137,573199
1.877948,576062
1.865296,577803
1.852557,578476
1.839730,579256
1.827242,579997
1.814775,580700
1.802440,581391
1.790347,582151
1.777952,582868
1.766136,583674
1.754462,584375
1.742711,585153
1.731218,585880
1.719763,586654
1.708804,587358
1.697774,588070
1.686904,588832
1.675964,589541
1.665539,590213
1.655167,590871
1.644848,591590
1.634704,592342
1.624497,593210
1.614467,594117
1.604741,594784
1.594832,595611
1.585109,596536
1.575574,597652
1.566106,598878
1.556580,599807
1.547502,601202
1.537861,603444
1.529055,605301
1.520199,606765
1.511290,608482
1.502459,610704
1.493969,612423
1.485562,614524
1.477240,616807
1.469004,618249
1.460989,618932
1.453334,619708
1.445910,620424
1.438174,621044
1.430808,621721
1.423678,622341
1.416513,623013
1.409866,623631
1.403327,624383
1.397318,625054
1.390861,625803
1.384798,626538
1.379133,627283
1.373446,628084
1.368164,628968
1.362575,629660
1.357250,630388
1.351905,631140
1.346975,632336
1.341880,634302
1.336913,636012
1.332367,638044
1.327659,639384
1.323082,640736
1.318786,641969
1.314327,643649
1.309853,645882
1.305663,647732
1.301309,648913
1.297393,649616
1.293617,650218
1.289526,650931
1.286031,651613
1.282374,652226
1.278860,653008
1.275642,653688
1.272263,654432
1.269183,655104
1.266250,655842
1.263620,656610
1.260985,657341
1.258655,657933
1.256321,658475
1.253826,659496
1.251639,660479
1.249605,661115
1.247881,662092
1.245841,664144
1.244269,665806
1.242381,666777
1.241120,667777
1.239542,668875
1.238279,670290
1.237014,671934
1.235747,673936
1.234639,676165
1.233529,677875
1.232576,678670
1.232100,679343
1.231465,680275
1.230670,681012
1.230193,681735
1.230034,682595
1.229715,683360
1.229874,684139
1.229874,684977
1.230034,685751
1.230193,686520
1.230670,687127
1.231306,687749
1.231782,688369
1.232576,689027
1.233529,689728
1.234480,690438
1.235431,691046
1.236381,691967
1.237646,693235
1.238595,694572
1.240016,696342
1.241277,698445
1.242696,700492
1.244269,702151
1.245841,703652
1.247411,705498
1.248978,706852
1.250701,707414
1.252577,707952
1.254450,708510
1.256476,709126
1.258655,709698
1.260985,710236
1.263156,710841
1.265632,711427
1.268258,711961
1.270724,712658
1.273647,713257
1.276562,713825
1.279472,714421
1.282374,715096
1.285727,715916
1.288767,716879
1.291952,717440
1.295431,717997
1.298750,719117
1.302211,721348
1.305363,723228
1.308956,724688
1.312539,726223
1.316261,727929
1.319676,729409
1.323378,731220
1.327069,732684
1.331045,734053
1.334862,734563
1.338960,735156
1.343046,735733
1.346975,736255
1.351181,736906
1.355808,737560
1.360275,738117
1.365014,738749
1.369594,739576
1.374301,740910
1.379417,742208
1.384374,743865
1.389735,745640
1.394935,747501
1.400116,748565
1.405556,749655
1.410837,750915
1.416513,752954
1.421890,754327
1.427796,754855
1.433268,755449
1.439263,756008
1.445097,756833
1.451043,757712
1.457234,758582
1.463265,759448
1.469404,760208
1.476047,760969
1.482265,761632
1.488589,762215
1.495148,762823
1.501547,763430
1.508180,763985
1.514782,764598
1.521743,765473
1.528287,766259
1.535059,767144
1.541674,768068
1.548639,769020
1.555196,770418
1.562102,771791
1.568977,772613
1.575698,774537
1.582638,775532
1.589670,776736
1.596304,777738
1.603399,779034
1.610462,780483
1.617374,781993
1.624376,783887
1.631589,785398
1.638769,786947
1.646038,788312
1.653392,789828
1.660833,791264
1.668357,792571
1.676314,793683
1.683769,794469
1.691885,795199
1.699963,796046
1.707773,796772
1.715890,797520
1.724536,798486
1.732913,799151
1.741587,799733
1.750107,800454
1.759030,801253
1.767797,801956
1.776631,802583
1.785531,803342
1.794496,804071
1.803525,804823
1.812509,805806
1.821664,807019
1.830559,808280
1.839730,809942
1.848644,811564
1.857832,813419
1.866659,815522
1.875758,816782
1.884606,818442
1.893929,819860
1.902692,821524
1.911722,823821
1.920710,825868
1.929858,828299
1.939166,830651
1.948428,832789
1.957647,834774
1.967122,836250
1.976650,837961
1.986329,839771
1.996060,841576
2.005938,843435
2.016157,844480
2.026420,845173
2.036920,845910
2.047653,846556
2.058425,847295
2.069519,848076
2.080555,848951
2.091906,849604
2.103289,850172
2.114796,851490
2.126333,853821
2.138356,855010
2.149949,856218
2.162022,857415
2.173579,859055
2.185611,860351
2.197400,861282
2.209391,862050
2.221142,863179
2.232918,864628
2.244807,866401
2.256460,868049
2.268399,869779
2.280189,871514
2.292260,873414
2.304013,875438
2.315706,876973
2.327677,878426
2.339670,879457
2.351602,880087
2.363640,880616
2.375369,881127
2.387533,881787
2.399717,882498
2.411921,883248
2.424063,883941
2.436787,884721
2.449205,885435
2.461641,886210
2.473934,886949
2.486639,887704
2.499280,888394
2.511857,889259
2.524449,890035
2.536979,891172
2.549601,891982
2.562237,892838
2.574735,893607
2.587323,894326
2.599852,895021
2.612244,895709
2.624728,896421
2.637079,897089
2.649667,897657
2.662049,898358
2.674447,899135
2.686568,899899
2.699071,900658
2.711083,901325
2.723546,901991
2.735522,902806
2.747659,903440
2.759602,904068
2.771846,904834
2.783755,905490
2.795614,906177
2.807631,906857
2.819667,907538
2.831375,908293
2.843173,909055
2.854991,909835
2.866623,910512
2.878412,911195
2.890154,911934
2.901578,912843
2.913226,914185
2.924894,915795
2.936450,917410
2.947827,919595
2.959227,921575
2.970716,923838
2.982028,925213
2.993560,926722
3.004982,928136
3.016296,929015
3.027568,929569
3.039120,930166
3.050692,930872
3.062349,931581
3.073898,932264
3.085657,932956
3.097435,933570
3.109295,934356
3.121172,934982
3.133254,935609
3.145103,936355
3.156969,937118
3.168915,937839
3.181062,938671
3.192918,939456
3.204668,940345
3.216559,941064
3.228527,941979
3.240269,942891
3.251970,943974
3.263688,945198
3.275185,946752
3.286761,948236
3.298238,950084
3.309615,951624
3.320894,953091
3.332194,954340
3.343456,955524
3.354622,956268
3.365808,957015
3.376900,957780
3.387956,958604
3.399148,959318
3.410362,960072
3.421595,960887
3.432621,961607
3.443839,962347
3.455134,963117
3.466336,963824
3.477445,964484
3.488576,965324
3.499782,966146
3.510954,966890
3.522145,967610
3.533134,968233
3.544311,968921
3.555342,969624
3.566394,970298
3.577303,970911
3.588178,971659
3.599129,972414
3.609939,973123
3.620663,973859
3.631355,974617
3.641961,975354
3.652483,976182
3.663029,977534
3.673331,978645
3.683817,980304
3.694115,982196
3.704383,984209
3.714518,985524
3.724783,986871
3.734811,988209
3.744968,989668
3.754837,991028
3.764888,991595
3.774913,992150
3.784963,992784
3.794883,993414
3.804983,993954
3.814902,994721
3.825001,995430
3.835073,996061
3.845169,996810
3.855138,997485
3.865334,998107
3.875452,998801
3.885545,999557
3.895511,1000338
3.905552,1001093
3.915567,1002379
3.925556,1003234
3.935471,1003945
3.945360,1004947
3.955126,1006637
3.965016,1008633
3.974832,1010507
3.984477,1012251
3.994147,1013855
4.003746,1015500
4.013272,1017298
4.022825,1019093
4.032258,1021491
4.041814,1022948
4.051154,1023532
4.060618,1024087
4.070012,1024808
4.079383,1025580
4.088878,1026387
4.098159,1027158
4.107753,1027828
4.117229,1028556
4.126779,1029174
4.136307,1029947
4.145765,1030889
4.155344,1031739
4.164853,1032615
4.174434,1033389
4.183948,1034248
4.193392,1034944
4.202816,1035625
4.212265,1036523
4.221646,1038136
4.230961,1039861
4.240162,1041245
4.249436,1042514
4.258552,1044025
4.267786,1045567
4.276863,1046981
4.285874,1048963
4.294867,1050920
4.303887,1052416
4.312752,1053010
4.321689,1053562
4.330381,1054193
4.339192,1054823
4.347985,1055369
4.356715,1056012
4.365518,1056768
4.374257,1057520
4.382980,1058242
4.391774,1058976
4.400418,1059784
4.409089,1060552
4.417831,1061429
4.426468,1062289
4.435133,1063122
4.443604,1064056
4.452191,1064886
4.460761,1065658
4.469272,1066691
4.477591,1067829
4.486026,1069349
4.494357,1071182
4.502587,1072388
4.510931,1073535
4.519000,1074466
4.527142,1075687
4.535269,1077436
4.543338,1079652
4.551221,1081667
4.559262,1083654
4.567203,1085027
4.575088,1086783
4.582959,1088911
4.590859,1090383
4.598746,1091872
4.606534,1093969
4.614436,1096095
4.622452,1097280
4.630412,1098087
4.638401,1098867
4.646376,1099592
4.654505,1100364
4.662536,1101118
4.670638,1101859
4.678768,1102711
4.687008,1103437
4.695109,1104155
4.703404,1104849
4.711561,1105603
4.719827,1106298
4.727955,1107121
4.736151,1108074
4.744252,1108956
4.752420,1109726
4.760328,1110590
4.768304,1111281
4.776268,1112129
4.784013,1113325
4.791788,1114715
4.799508,1116415
4.807053,1118313
4.814586,1120027
4.822108,1121760
4.829415,1123533
4.836711,1124951
4.843956,1126363
4.851190,1127731
4.858292,1129062
4.865344,1130941
4.872425,1132539
4.879497,1134001
4.886598,1135048
4.893649,1135887
4.900610,1137302
4.907680,1139120
4.914821,1139820
4.921831,1140384
4.928911,1141065
4.936021,1141702
4.943081,1142255
4.950170,1142932
4.957289,1143796
4.964397,1144407
4.971456,1144966
4.978506,1145620
4.985663,1146252
4.992692,1146766
4.999711,1147352
5.006681,1147940
5.013564,1148593
5.020437,1149310
5.027262,1149918
5.033960,1150487
5.040534,1151517
5.047176,1152744
5.053577,1154312
5.060009,1155897
5.066316,1157568
5.072616,1159803
5.078715,1162156
5.084883,1164559
5.090891,1167040
5.096891,1169615
5.102807,1171285
5.108679,1172012
5.114390,1172732
5.120133,1173517
5.125908,1174349
5.131639,1175212
5.137363,1176068
5.143157,1176779
5.148944,1177426
5.154687,1178323
5.160499,1179246
5.166419,1180123
5.172180,1181537
5.178087,1182736
5.184024,1183757
5.189993,1185054
5.195841,1186437
5.201758,1188198
5.207631,1190055
5.213573,1191610
5.219432,1193231
5.225285,1194664
5.231169,1196347
5.236972,1198376
5.242805,1199960
5.248632,1201448
5.254379,1203308
5.260156,1204658
5.265815,1205443
5.271579,1206096
5.277189,1206684
5.282830,1207273
5.288428,1207980
5.294020,1208688
5.299532,1209488
5.305038,1210320
5.310539,1211099
5.315997,1212056
5.321303,1213389
5.326750,1214446
5.332155,1215521
5.337370,1216425
5.342618,1217372
5.347750,1219150
5.352914,1220903
5.358073,1222489
5.363155,1224041
5.368158,1225921
5.373084,1227612
5.378041,1229654
5.382958,1231522
5.387834,1233090
5.392705,1234745
5.397536,1236488
5.402363,1238207
5.407185,1239099
5.411967,1239863
5.416780,1240553
5.421554,1241269
5.426286,1241999
5.431087,1242710
5.435884,1243384
5.440641,1244056
5.445429,1244717
5.450141,1245452
5.454957,1246190
5.459661,1246941
5.464397,1247775
5.469058,1248425
5.473749,1249026
5.478330,1249827
5.482836,1250972
5.487301,1251640
5.491800,1252353
5.496151,1253066
5.500464,1254485
5.504631,1256730
5.508866,1258484
5.512991,1259675
5.517042,1261263
5.520948,1263097
5.524887,1264883
5.528716,1266710
5.532507,1268386
5.536226,1269449
5.539906,1270077
5.543584,1270745
5.547224,1271561
5.550720,1272295
5.554285,1273010
5.557777,1273825
5.561232,1274495
5.564684,1275108
5.568170,1275983
5.571583,1277452
5.574994,1279303
5.578402,1281068
5.581739,1282595
5.585214,1283901
5.588617,1285738
5.592017,1287443
5.595381,1289551
5.598707,1291446
5.602102,1293000
5.605459,1293659
5.608779,1294327
5.612063,1295030
5.615379,1295546
5.618625,1296139
5.621868,1296850
5.625074,1297583
5.628278,1298341
5.631446,1299083
5.634612,1299703
5.637672,1300314
5.640835,1301069
5.643822,1301675
5.646808,1302198
5.649757,1302770
5.652566,1303410
5.655374,1304189
5.658042,1305004
5.660674,1306505
5.663270,1308382
5.665761,1310233
5.668251,1311800
5.670671,1313412
5.672952,1315275
5.675266,1317351
5.677441,1319255
5.679616,1321209
5.681686,1322471
5.683824,1323018
5.685789,1323527
5.687823,1324100
5.689787,1324662
5.691715,1325186
5.693712,1325745
5.695536,1326297
5.697394,1326832
5.699389,1327582
5.701246,1328241
5.703136,1329094
5.704991,1329941
5.706846,1330856
5.708666,1331958
5.710417,1333056
5.712167,1334480
5.713883,1335972
5.715563,1337982
5.717277,1340123
5.718854,1342235
5.720464,1343435
5.722006,1344823
5.723513,1346215
5.724986,1347630
5.726355,1349539
5.727758,1351531
5.729195,1353444
5.730529,1354384
5.731897,1355139
5.733128,1355870
5.734427,1356569
5.735725,1357294
5.736955,1358029
5.738151,1358729
5.739381,1359532
5.740644,1360298
5.741805,1361099
5.742965,1362237
5.744125,1363426
5.745251,1364931
5.746309,1366161
5.747366,1367710
5.748423,1369367
5.749446,1370695
5.750400,1371865
5.751354,1372868
5.752241,1373860
5.753092,1374604
5.753910,1375360
5.754625,1376011
5.755340,1376768
5.756022,1377511
5.756635,1378239
5.757213,1378959
5.757724,1379732
5.758200,1380511
5.758575,1381209
5.758915,1382010
5.759289,1382781
5.759528,1383554
5.759732,1384320
5.759834,1385033
5.759902,1385638
5.759936,1386283
5.759868,1386932
5.759732,1387568
5.759562,1388283
5.759358,1388984
5.758983,1389651
5.758677,1390659
5.758166,1391630
5.757724,1392420
5.757145,1393211
5.756532,1393876
5.755920,1394773
5.755204,1396244
5.754421,1397981
5.753569,1399608
5.752717,1401420
5.751866,1402914
5.750912,1404690
5.749889,1406817
5.749003,1408764
5.747980,1411127
5.746922,1412612
5.745899,1413329
5.744876,1414101
5.743886,1414884
5.742829,1415694
5.741805,1416516
5.740815,1417225
5.739790,1418096
5.738800,1418898
5.737809,1419789
5.736819,1420672
5.735862,1421552
5.734871,1422237
5.733880,1422950
5.732854,1423849
5.731863,1425000
5.730802,1426043
5.729640,1427110
5.728545,1428076
5.727484,1428663
5.726218,1429285
5.724951,1430046
5.723582,1430806
5.722212,1431617
5.720704,1432366
5.719197,1433096
5.717586,1433844
5.715940,1434618
5.714191,1435360
5.712373,1436001
5.710520,1436650
5.708598,1437261
5.706572,1437882
5.704476,1438558
5.702277,1439268
5.700077,1439936
5.697772,1440642
5.695433,1441327
5.693023,1441975
5.690544,1442848
5.687960,1443628
5.685376,1444368
5.682720,1445123
5.680030,1445958
5.677338,1446705
5.674575,1447487
5.671708,1448300
5.668839,1449482
5.665934,1451044
5.662993,1452418
5.660016,1454011
5.657003,1455659
5.654022,1457342
5.650971,1458846
5.647884,1460472
5.644794,1462414
5.641773,1463919
5.638646,1465299
5.635586,1466625
5.632421,1467986
5.629323,1468944
5.626258,1469723
5.623157,1471081
5.620089,1473321
5.617055,1475664
5.614088,1477877
5.611085,1479473
5.608151,1480142
5.605179,1480866
5.602242,1481564
5.599267,1482214
5.596326,1482942
5.593454,1483640
5.590510,1484308
5.587599,1484994
5.584618,1486320
5.581634,1487689
5.578683,1489123
5.575697,1490759
5.572673,1491945
5.569718,1493191
5.566656,1494675
5.563452,1496499
5.560280,1498279
5.557107,1500165
5.553897,1501578
5.550650,1502161
5.547294,1502869
5.544043,1503586
5.540614,1504298
5.537217,1505028
5.533853,1505678
5.530382,1506401
5.526979,1507180
5.523539,1507916
5.520025,1508611
5.516509,1509324
5.512991,1510102
5.509364,1510905
5.505806,1511632
5.502174,1512363
5.498540,1513077
5.494868,1513813
5.491086,1514652
5.487301,1515829
5.483514,1516671
5.479654,1518143
5.475790,1519653
5.471852,1521145
5.467875,1521952
5.463859,1522981
5.459841,1524503
5.455712,1526302
5.451651,1527420
5.447552,1529187
5.443449,1530263
5.439308,1531507
5.435091,1533200
5.430871,1535178
5.426720,1537008
5.422565,1538861
5.418408,1540635
5.414247,1542785
5.410084,1544416
5.405989,1544989
5.401927,1545539
5.397790,1546120
5.393759,1546687
5.389652,1547356
5.385688,1548158
5.381757,1548881
5.377714,1549603
5.373740,1550336
5.369764,1550952
5.365785,1551592
5.361803,1552366
5.357891,1553182
5.353829,1553989
5.349838,1554816
5.345771,1555512
5.341628,1556221
5.337444,1557071
5.333257,1558381
5.328993,1559545
5.324726,1560901
5.320419,1562445
5.315997,1564104
5.311572,1565587
5.307033,1567288
5.302452,1569458
5.297868,1571667
5.293316,1573386
5.288650,1574096
5.284017,1574800
5.279305,1575512
5.274626,1576243
5.269869,1576939
5.265219,1577709
5.260454,1578465
5.255796,1579135
5.251096,1579879
5.246429,1580466
5.241684,1581152
5.237084,1581951
5.232368,1582640
5.227722,1583664
5.223035,1584477
5.218456,1585299
5.213610,1586232
5.208948,1587036
5.204206,1588293
5.199460,1590907
5.194709,1592702
5.189993,1593912
5.185158,1595623
5.180357,1597086
5.175475,1598521
5.170703,1599984
5.165736,1601329
5.160803,1602662
5.155941,1603900
5.151036,1605238
5.146051,1607022
5.141099,1609265
5.136257,1611461
5.131295,1613182
5.126443,1614108
5.121587,1615019
5.116688,1616341
5.111861,1617209
5.107068,1617993
5.102232,1618607
5.097429,1619188
5.092584,1619794
5.087811,1620353
5.083149,1620867
5.078329,1621478
5.073620,1622690
5.068868,1623831
5.064111,1625357
5.059389,1627286
5.054623,1628861
5.049892,1630459
5.045157,1632067
5.040300,1633903
5.035478,1636059
5.030651,1638124
5.025780,1639462
5.020944,1640154
5.016103,1640840
5.011258,1641649
5.006212,1642499
5.001396,1643346
4.996497,1644223
4.991632,1644992
4.986724,1645686
4.981849,1646481
4.976892,1647282
4.971969,1648075
4.967120,1649005
4.962187,1649796
4.957250,1650431
4.952268,1651283
4.947280,1652048
4.942328,1652802
4.937291,1653748
4.932328,1654865
4.927242,1656560
4.922229,1658854
4.917132,1661099
4.912069,1663582
4.907041,1665929
4.901929,1667926
4.896890,1669369
4.891727,1670873
4.886638,1672432
4.881543,1673119
4.876364,1673842
4.871299,1674664
4.866149,1675578
4.860993,1676589
4.856033,1677480
4.850988,1678099
4.845937,1678778
4.841002,1679454
4.836022,1680184
4.830997,1680921
4.826006,1681696
4.821133,1682421
4.816091,1683086
4.811208,1683772
4.806279,1684489
4.801303,1685159
4.796323,1686035
4.791338,1686713
4.786224,1687485
4.781146,1688246
4.776104,1689071
4.771015,1689789
4.765798,1690544
4.760492,1691385
4.755346,1692318
4.749987,1693108
4.744664,1693808
4.739335,1694942
4.733876,1696971
4.728328,1698753
4.722897,1701357
4.717378,1703163
4.711934,1704600
4.706319,1705788
4.700863,1706601
4.695192,1707660
4.689640,1708918
4.683956,1709723
4.678349,1710526
4.672818,1711709
4.667198,1713183
4.661738,1714325
4.656230,1715588
4.650716,1717240
4.645153,1718786
4.639879,1720324
4.634429,1721359
4.629101,1721981
4.623723,1722523
4.618340,1723184
4.612993,1723912
4.607724,1724571
4.602535,1725498
4.597212,1726329
4.592096,1727065
4.586846,1727927
4.581634,1729013
4.576372,1730222
4.571190,1731314
4.565916,1732574
4.560636,1733864
4.555308,1734688
4.550102,1735936
4.544674,1737629
4.539413,1739552
4.534059,1741062
4.528699,1742690
4.523160,1744216
4.517743,1746091
4.512494,1748054
4.506978,1750265
4.501630,1752610
4.496187,1754376
4.490913,1756354
4.485501,1757846
4.480258,1758399
4.474921,1759084
4.469578,1759784
4.464316,1760456
4.459136,1761203
4.453994,1761933
4.448802,1762663
4.443692,1763434
4.438532,1764368
4.433454,1765290
4.428371,1766404
4.423414,1767278
4.418408,1767996
4.413351,1768941
4.408422,1769800
4.403399,1770533
4.398326,1771327
4.393290,1772162
4.388295,1772979
4.383293,1773574
4.378196,1774552
4.373093,1775151
4.368119,1775653
4.362780,1776211
4.357659,1776757
4.352487,1777250
4.347264,1777894
4.341899,1779076
4.336573,1780700
4.331331,1781606
4.325902,1782516
4.320465,1783716
4.315067,1785504
4.309526,1787293
4.304115,1788598
4.298605,1790074
4.293089,1791496
4.287473,1792461
4.281851,1793139
4.276267,1793779
4.270767,1794490
4.265215,1795148
4.259609,1795813
4.254180,1796515
4.248653,1797293
4.243163,1798112
4.237621,1798957
4.232118,1799729
4.226746,1800439
4.221321,1801154
4.215890,1801949
4.210544,1802889
4.205005,1804234
4.199646,1805073
4.194326,1805760
4.188859,1806536
4.183433,1808023
4.178092,1810449
4.172698,1812758
4.167297,1814654
4.161936,1816434
4.156569,1818253
4.151241,1820084
4.145860,1821938
4.140518,1824260
4.135170,1825886
4.129815,1826493
4.124500,1827012
4.119226,1827611
4.113851,1828339
4.108706,1828860
4.103412,1829384
4.098159,1830147
4.092947,1831029
4.087776,1831839
4.082503,1833462
4.077463,1835600
4.072272,1836958
4.067124,1838410
4.062113,1840073
4.056999,1841701
4.051880,1844171
4.046946,1846585
4.042056,1848629
4.036966,1850120
4.031918,1850693
4.027009,1851298
4.022094,1851836
4.017174,1852473
4.012247,1853168
4.007315,1853854
4.002425,1854555
3.997578,1855225
3.992725,1856045
3.987916,1856982
3.983052,1857687
3.978230,1858218
3.973453,1858804
3.968620,1859465
3.963781,1860071
3.958838,1860618
3.953938,1861287
3.949081,1862296
3.944219,1864265
3.939301,1865611
3.934376,1866889
3.929545,1868345
3.924409,1870318
3.919466,1872358
3.914566,1874311
3.909611,1876240
3.904599,1877930
3.899681,1879459
3.894656,1879954
3.889726,1880648
3.884789,1881415
3.879695,1882135
3.874846,1882895
3.869992,1883662
3.865029,1884481
3.860214,1885164
3.855442,1885838
3.850462,1886524
3.845729,1887172
3.840940,1887924
3.836093,1888665
3.831343,1889537
3.826689,1890295
3.821876,1890926
3.817160,1891660
3.812437,1892249
3.807709,1892963
3.803027,1894272
3.798184,1895754
3.793386,1897496
3.788634,1898956
3.784031,1900016
3.779267,1900893
3.774394,1901968
3.769566,1903400
3.764680,1904326
3.759892,1905025
3.755045,1905749
3.750297,1906464
3.745386,1907267
3.740469,1907992
3.735754,1908711
3.730824,1909503
3.725940,1910151
3.721049,1910864
3.716310,1911585
3.711301,1912304
3.706550,1912975
3.701687,1913668
3.696817,1914342
3.691941,1915070
3.687058,1915774
3.682276,1916448
3.677380,1917195
3.672425,1918088
3.667517,1918903
3.662655,1919739
3.657787,1920508
3.652698,1921191
3.647870,1921837
3.642929,1922616
3.638035,1923655
3.633025,1924485
3.628064,1925486
3.623096,1927085
3.618174,1929215
3.613192,1931164
3.608203,1933251
3.603316,1935010
3.598422,1936636
3.593522,1938540
3.588669,1940585
3.583755,1942035
3.578890,1943231
3.574072,1943893
3.569358,1944709
3.564582,1945462
3.559745,1946136
3.555122,1946819
3.550437,1947567
3.545802,1948122
3.541050,1948635
3.536513,1949793
3.532026,1950587
3.527366,1951691
3.522923,1953617
3.518418,1955105
3.514075,1956310
3.509726,1957438
3.505261,1958506
3.500845,1959649
3.496480,1961556
3.492166,1963466
3.487734,1965356
3.483352,1967290
3.479247,1969014
3.474798,1970730
3.470626,1972280
3.466393,1974422
3.462154,1977181
3.458023,1979362
3.453887,1980618
3.449690,1981275
3.445544,1981916
3.441621,1982513
3.437466,1983217
3.433534,1983991
3.429540,1984705
3.425598,1985502
3.421595,1986228
3.417645,1986914
3.413804,1987659
3.409902,1988384
3.406053,1989128
3.402142,1989864
3.398399,1990619
3.394595,1991411
3.390729,1992298
3.386973,1993071
3.383098,1993965
3.379334,1995049
3.375567,1996424
3.371794,1997742
3.367902,1999022
3.364121,2000380
3.360278,2001819
3.356372,2003790
3.352637,2005812
3.348663,2008192
3.344861,2010198
3.341113,2011957
3.337360,2012680
3.333486,2013395
3.329843,2014081
3.326078,2014793
3.322309,2015445
3.318535,2016068
3.314875,2016669
3.311093,2017454
3.307425,2018249
3.303753,2018965
3.300136,2019645
3.296456,2020343
3.293010,2021002
3.289322,2021613
3.285868,2022506
3.282231,2023459
3.278650,2024283
3.275185,2024903
3.271597,2025987
3.268124,2026967
3.264528,2028198
3.261168,2029056
3.257684,2030032
3.254016,2031383
3.250645,2032457
3.247090,2033213
3.243591,2034041
3.240028,2035239
3.236521,2037405
3.232951,2039164
3.229497,2040477
3.225918,2041639
3.222457,2043102
3.218993,2044364
3.215463,2045739
3.211991,2047508
3.208454,2049353
3.205157,2050846
3.201674,2051344
3.198309,2051955
3.194941,2052663
3.191569,2053299
3.188193,2053945
3.185060,2054605
3.181677,2055198
3.178476,2055956
3.175210,2056678
3.172002,2057348
3.168977,2058023
3.165763,2058821
3.162607,2059589
3.159325,2060280
3.156349,2061037
3.153184,2061762
3.150078,2062509
3.146907,2063527
3.143733,2066009
3.140680,2067836
3.137624,2069772
3.134441,2071643
3.131379,2073511
3.128189,2075974
3.125246,2077809
3.122112,2079226
3.119038,2080638
3.116087,2081765
3.112944,2082490
3.109861,2083273
3.106901,2084031
3.103812,2084772
3.100846,2085533
3.097814,2086368
3.094843,2087092
3.091995,2087756
3.089208,2088489
3.086228,2089221
3.083245,2089986
3.080578,2090882
3.077717,2091528
3.074980,2092230
3.072305,2093020
3.069564,2093790
3.066693,2094653
3.063946,2095305
3.061198,2096090
3.058511,2096903
3.055757,2097664
3.053130,2098599
3.050371,2099390
3.047610,2100147
3.044847,2100894
3.042017,2101616
3.039248,2102332
3.036413,2103206
3.033510,2104868
3.030799,2106166
3.028020,2107693
3.025045,2109290
3.022455,2111493
3.019345,2113229
3.016750,2115100
3.013894,2116435
3.011164,2118113
3.008302,2119354
3.005568,2120155
3.002831,2120872
3.000157,2121539
2.997350,2122301
2.994671,2123021
2.992055,2123736
2.989503,2124489
2.986882,2125206
2.984325,2125920
2.981634,2126607
2.979204,2127295
2.976706,2127905
2.974338,2128572
2.971902,2129281
2.969463,2129914
2.967023,2130689
2.964713,2131345
2.962269,2132051
2.959955,2133102
2.957639,2134077
2.955190,2134980
2.952804,2135799
2.950483,2136621
2.947960,2137165
2.945502,2137688
2.943109,2138252
2.940780,2138805
2.938249,2139310
2.935783,2139859
2.933182,2140394
2.930778,2140911
2.928239,2141468
2.925697,2142001
2.923154,2142517
2.920675,2143117
2.917926,2143660
2.915308,2144209
2.912621,2144830
2.909931,2145404
2.907374,2145954
2.904747,2146588
2.902252,2147315
2.899350,2147981
2.896784,2148575
2.894012,2149129
2.891373,2149692
2.888528,2150869
2.886019,2152280
2.883169,2153524
2.880452,2154772
2.877800,2156040
2.875214,2157433
2.872558,2159040
2.869831,2160519
2.867237,2162040
2.864574,2163758
2.862044,2164950
2.859444,2165670
2.856841,2166529
2.854442,2167453
2.851904,2168292
2.849500,2169068
2.846889,2169980
2.844481,2170848
2.842278,2171957
2.839729,2174296
2.837453,2177387
2.835106,2180424
2.832965,2182658
2.830753,2184165
2.828747,2185413
2.826601,2186427
2.824523,2187321
2.822443,2188598
2.820570,2189773
2.818556,2190382
2.816611,2191007
2.814734,2191632
2.812855,2192221
2.810976,2192918
2.809095,2193659
2.807352,2194282
2.805609,2194964
2.803864,2195692
2.802258,2196290
2.800301,2196949
2.798623,2197572
2.797014,2198163
2.795264,2198882
2.793372,2199519
2.791830,2200126
2.789936,2200739
2.788322,2201540
2.786426,2202759
2.784599,2204232
2.782841,2205558
2.780941,2206648
2.779181,2207904
2.777279,2209656
2.775375,2211680
2.773611,2213030
2.771776,2214367
2.770080,2215502
2.768172,2216104
2.766262,2216758
2.764421,2217370
2.762650,2217974
2.760878,2218826
2.758964,2219635
2.757331,2220356
2.755556,2221241
2.753779,2222093
2.752144,2223154
2.750508,2224736
2.748870,2225702
2.747374,2227027
2.745806,2228322
2.744309,2229511
2.742811,2231023
2.741240,2232904
2.739740,2234276
2.738454,2235142
2.737095,2235761
2.735593,2236514
2.734305,2237241
2.733016,2237900
2.731726,2238519
2.730365,2239252
2.729074,2240022
2.727926,2240727
2.726491,2241421
2.725270,2242091
2.723977,2242885
2.722899,2243584
2.721604,2244200
2.720309,2244797
2.719014,2245498
2.717718,2246328
2.716637,2247175
2.715340,2247972
2.713898,2249270
2.712743,2250747
2.711444,2252461
2.710145,2254276
2.708844,2255117
2.707760,2256032
2.706242,2256933
2.704939,2258069
2.703709,2259795
2.702405,2262033
2.701174,2262714
2.700014,2263295
2.698781,2264011
2.697475,2264747
2.696314,2265427
2.695080,2266132
2.693917,2266782
2.692827,2267270
2.691664,2267887
2.690718,2268614
2.689627,2269303
2.688608,2270085
2.687588,2270866
2.686568,2271566
2.685475,2272312
2.684601,2272978
2.683580,2273601
2.682704,2274449
2.681610,2275405
2.680807,2276110
2.679711,2276848
2.678834,2277722
2.677884,2278449
2.676861,2279133
2.675983,2279960
2.675032,2280612
2.674007,2281200
2.672909,2282547
2.672103,2284601
2.671004,2286217
2.670052,2287678
2.669098,2289202
2.668218,2290769
2.667264,2292629
2.666310,2294193
2.665356,2295829
2.664401,2297918
2.663446,2299472
2.662637,2300185
2.661828,2300952
2.660872,2301718
2.660063,2302387
2.659400,2303104
2.658591,2303931
2.658002,2304794
2.657118,2305508
2.656528,2306165
2.656013,2307082
2.655496,2307909
2.654981,2308772
2.654243,2309639
2.653801,2310353
2.653432,2311101
2.652989,2311864
2.652620,2312548
2.652177,2313254
2.651661,2314630
2.651292,2316088
2.650923,2317505
2.650479,2318904
2.650184,2320400
2.649889,2322457
2.649371,2324526
2.649150,2326614
2.648854,2328197
2.648411,2329391
2.648263,2330075
2.647893,2330822
2.647598,2331520
2.647154,2332261
2.646932,2333081
2.646636,2333681
2.646341,2334332
2.646119,2335037
2.645971,2335715
2.645675,2336382
2.645675,2337068
2.645305,2337731
2.645305,2338395
2.645083,2339219
2.645009,2340069
2.644861,2341050
2.644787,2341971
2.644713,2342755
2.644639,2343849
2.644491,2345136
2.644417,2346411
2.644343,2347498
2.644269,2349127
2.644343,2351456
2.644269,2353627
2.644195,2355537
2.643973,2357303
2.644047,2358772
2.644047,2359563
2.643973,2360315
2.644121,2360991
2.644047,2361676
2.644121,2362464
2.644343,2363209
2.644343,2363901
2.644491,2364787
2.644639,2365483
2.644861,2366272
2.645083,2367209
2.645231,2368039
2.645453,2368786
2.645823,2369488
2.646119,2370236
2.646488,2371069
2.646858,2371793
2.647080,2372600
2.647376,2373495
2.647820,2374376
2.647967,2375248
2.648485,2376019
2.648854,2376815
2.649150,2377580
2.649445,2378421
2.649889,2379357
2.650184,2380399
2.650627,2381452
2.650849,2383066
2.651439,2385403
2.651735,2387452
2.652104,2389919
2.652546,2392129
2.652842,2394306
2.653210,2396870
2.653653,2399351
2.654243,2401620
2.654538,2403261
2.655202,2403959
2.655791,2404666
2.656307,2405389
2.656970,2405998
2.657486,2406809
2.658443,2407570
2.659327,2408282
2.660063,2409041
2.660946,2409688
2.661975,2410419
2.662857,2411595
2.663886,2412678
2.664915,2413501
2.666090,2414259
2.666971,2414976
2.668218,2415659
2.669245,2416359
2.670418,2417055
2.671591,2418417
2.672763,2420438
2.673861,2422431
2.675032,2424612
2.676276,2426782
2.677372,2428835
2.678542,2430362
2.679565,2431846
2.680880,2433711
2.681902,2436089
2.683142,2437463
2.684236,2438163
2.685403,2438924
2.686641,2439484
2.687807,2440031
2.689190,2440761
2.690282,2441721
2.691664,2442637
2.692973,2443602
2.694281,2444420
2.695661,2445467
2.697185,2446340
2.698564,2447081
2.700014,2447950
2.701463,2449020
2.702985,2449989
2.704433,2451007
2.706024,2452402
2.707615,2453709
2.709205,2454483
2.710722,2455161
2.712455,2455847
2.713970,2456537
2.715484,2457256
2.717214,2457959
2.718870,2458706
2.720309,2459571
2.721964,2460306
2.723617,2460980
2.725198,2461694
2.726778,2462565
2.728428,2463313
2.730006,2464234
2.731512,2465218
2.733159,2466307
2.734735,2467072
2.736237,2467868
2.738025,2468635
2.739526,2469331
2.741097,2470043
2.742739,2470817
2.744238,2471628
2.745664,2472553
2.747232,2473295
2.748942,2473985
2.750436,2474704
2.751859,2475544
2.753566,2476634
2.755129,2477814
2.756692,2479632
2.758254,2481081
2.759815,2482396
2.761445,2483579
2.763076,2484788
2.764633,2486043
2.766262,2487430
2.767818,2489255
2.769515,2490084
2.771352,2490942
2.772905,2491717
2.774599,2492573
2.776362,2493376
2.778265,2494117
2.780026,2494879
2.781786,2495658
2.783755,2496461
2.785513,2497255
2.787409,2498043
2.789165,2498812
2.791199,2499583
2.793092,2500312
2.795054,2500972
2.797014,2501790
2.798973,2502577
2.800930,2503337
2.802886,2504081
2.804911,2504879
2.806795,2505851
2.808747,2506658
2.810837,2507400
2.812647,2508291
2.814525,2509163
2.816541,2510043
2.818417,2510880
2.820292,2511724
2.822235,2512708
2.824107,2513857
2.825978,2515013
2.827986,2516062
2.829854,2517603
2.831790,2518857
2.833587,2520159
2.835590,2521670
2.837315,2523163
2.839315,2524364
2.841245,2525106
2.843242,2525805
2.845169,2526625
2.847026,2527329
2.848951,2528053
2.851011,2528715
2.852933,2529393
2.854853,2530002
2.856978,2530615
2.859102,2531250
2.861223,2531983
2.863207,2532656
2.865189,2533330
2.867306,2534103
2.869421,2535281
2.871467,2536311
2.873580,2536931
2.875759,2537559
2.877800,2538171
2.879840,2538771
2.881879,2539393
2.883984,2539986
2.886019,2540603
2.887985,2541202
2.890154,2541942
2.892050,2542856
2.894079,2543640
2.896040,2544376
2.898000,2545267
2.899891,2546143
2.901780,2546966
2.903803,2547702
2.905623,2548451
2.907576,2549376
2.909460,2550258
2.911276,2551266
2.913226,2552241
2.914972,2553060
2.916919,2553923
2.918865,2554648
2.920608,2555527
2.922417,2556214
2.924359,2556875
2.926233,2557996
2.928105,2558776
2.929976,2559393
2.931847,2559978
2.933715,2560573
2.935516,2561181
2.937516,2561782
2.939515,2562420
2.941313,2563017
2.943242,2563658
2.945170,2564276
2.947097,2564901
2.948956,2565522
2.950947,2566059
2.952804,2566568
2.954660,2567221
2.956580,2567774
2.958434,2568316
2.960286,2568908
2.962137,2569487
2.963987,2570169
2.965901,2570753
2.967617,2571876
2.969463,2573591
2.971177,2574673
2.972955,2575874
2.974798,2576980
2.976575,2577980
2.978284,2578943
2.979861,2580758
2.981634,2581971
2.983275,2583063
2.985112,2583766
2.986817,2584501
2.988455,2585247
2.990223,2586095
2.991990,2586798
2.993756,2587519
2.995455,2588273
2.997285,2588924
2.999048,2589652
3.000810,2590306
3.002636,2590985
3.004526,2591649
3.006219,2592338
3.008107,2593178
3.010059,2594069
3.011879,2595028
3.013699,2596140
3.015517,2596852
3.017464,2597604
3.019345,2598690
3.021159,2599929
3.023038,2600943
3.024915,2602481
3.026856,2604261
3.028602,2606240
3.030476,2607894
3.032284,2609190
3.034156,2610595
3.035897,2612009
3.037831,2613402
3.039764,2614456
3.041695,2615683
3.043497,2616947
3.045426,2618786
3.047353,2620618
3.049280,2622465
3.051334,2624106
3.053322,2625389
3.055309,2626416
3.057423,2627039
3.059471,2627579
3.061518,2628281
3.063691,2628885
3.065863,2629559
3.067969,2630383
3.070202,2631063
3.072433,2631788
3.074662,2632929
3.076889,2634666
3.079179,2637267
3.081404,2638999
3.083753,2640997
3.086101,2642306
3.088384,2644025
3.090665,2645767
3.092944,2646715
3.095349,2647555
3.097688,2648141
3.100089,2648851
3.102235,2649482
3.104695,2650078
3.107090,2650696
3.109358,2651317
3.111812,2651869
3.114202,2652576
3.116652,2653300
3.118913,2654076
3.121360,2655021
3.123805,2655886
3.126185,2656697
3.128627,2657435
3.131004,2658134
3.133379,2658798
3.135814,2660003
3.138186,2661227
3.140431,2662759
3.142861,2663909
3.145290,2665308
3.147592,2667309
3.149892,2668666
3.152129,2669888
3.154426,2671132
3.156907,2672526
3.159077,2674248
3.161493,2675390
3.163783,2676087
3.166195,2676853
3.168544,2677669
3.170891,2678389
3.173360,2679183
3.175703,2679910
3.178168,2680605
3.180508,2681398
3.183031,2682151
3.185613,2682878
3.188009,2683586
3.190464,2684180
3.193040,2684824
3.195492,2685584
3.198003,2686320
3.200512,2687040
3.203019,2687794
3.205585,2688639
3.208027,2689427
3.210467,2690263
3.213027,2691182
3.215463,2692042
3.217958,2692854
3.220391,2693737
3.222700,2694880
3.225190,2695920
3.227617,2696711
3.229921,2697747
3.232284,2698825
3.234646,2700035
3.236945,2701580
3.239363,2703588
3.241719,2704937
3.243953,2706186
3.246245,2707501
3.248657,2709173
3.250886,2711042
3.253234,2712125
3.255640,2712831
3.258045,2713499
3.260387,2714217
3.262848,2714967
3.265247,2715677
3.267525,2716328
3.270041,2717070
3.272494,2717732
3.275066,2718496
3.277456,2719282
3.279964,2720006
3.282589,2720781
3.285153,2721516
3.287655,2722183
3.290155,2722985
3.292713,2723672
